# gripper 
0.4512415938 -0.0281463884 0.1003811913 0.9781071408 -0.1230976907 0.0374621231 0.1635541775
0.4579945914 -0.1207286811 0.0765087578 0.7021063605 -0.6493592948 -0.2861671093 -0.0590554851
0.4898805602 -0.0962492655 -0.0069370689 0.8383737869 -0.4568171275 -0.2182238311 -0.2020541139
0.4869570688 -0.1298791586 -0.0035779083 0.8529553869 -0.3999506985 -0.1496252702 -0.3001979767
0.5117243243 -0.0867680070 -0.0254258278 0.8764151749 0.2068935220 0.1635010648 -0.4029378531

# marker
0.0610673167 -0.0067328950 0.2521028221 0.9782835994 -0.1234163321 0.0372055244 -0.1623125288
-0.0371696949 -0.0176291429 0.2695166171 0.7026172507 -0.6501977056 -0.2836480239 0.0558188241
-0.0315400846 0.0046905605 0.2087116987 0.8394616882 -0.4565003742 -0.2174092997 0.1991097156
-0.0377519950 -0.0139158806 0.2434092909 0.8543223307 -0.4000496103 -0.1474314779 0.2972501033
0.0537810288 -0.0106368959 0.2143094689 0.8776097854 0.2061539160 0.1614713287 0.4015328598